A 8, 32, 404, 471, 926, 1671, 2033, 3364, 3466
ABBIT 1, 757
ADVENTURES 1, 1
AID 1, 3485
ALICE 1, 271
ALL 3, 2367, 3320, 3496
AND 3, 2087, 2618, 2838
ARE 5, 748, 1095, 2265, 2641, 2892
AT 1, 2367
Ada 1, 316
Adventures 2, 3544, 3552
Advice 1, 1017
Ah 1, 692
Alice 312, 15, 19, 28, 33, 40, 44, 61, 71, 92, 98, 113, 121, 127, 141, 145, 152, 157, 169, 181, 189, 196, 205, 213, 220, 229, 250, 259, 279, 284, 342, 351, 365, 386, 397, 409, 411, 416, 422, 425, 429, 439, 441, 448, 457, 481, 485, 528, 531, 546, 574, 586, 588, 608, 613, 615, 666, 669, 674, 680, 697, 715, 721, 746, 749, 763, 766, 768, 801, 806, 818, 822, 838, 842, 869, 875, 894, 911, 919, 922, 925, 928, 948, 952, 965, 974, 977, 986, 991, 1020, 1034, 1039, 1045, 1052, 1064, 1071, 1076, 1087, 1142, 1152, 1163, 1170, 1177, 1184, 1215, 1222, 1240, 1247, 1260, 1268, 1274, 1283, 1290, 1296, 1319, 1339, 1369, 1375, 1390, 1395, 1403, 1407, 1426, 1433, 1442, 1457, 1466, 1497, 1509, 1516, 1526, 1530, 1533, 1537, 1542, 1563, 1570, 1576, 1580, 1592, 1597, 1607, 1613, 1618, 1630, 1646, 1653, 1678, 1683, 1684, 1695, 1700, 1704, 1707, 1713, 1720, 1724, 1740, 1744, 1771, 1789, 1791, 1804, 1809, 1822, 1840, 1856, 1861, 1867, 1878, 1890, 1899, 1905, 1914, 1917, 1923, 1948, 1957, 1959, 1971, 1976, 1983, 1996, 2001, 2008, 2057, 2061, 2073, 2083, 2096, 2101, 2103, 2114, 2121, 2146, 2148, 2160, 2163, 2165, 2172, 2179, 2183, 2200, 2213, 2241, 2246, 2258, 2265, 2268, 2277, 2279, 2302, 2305, 2310, 2321, 2359, 2381, 2385, 2389, 2399, 2403, 2415, 2422, 2427, 2430, 2434, 2445, 2453, 2458, 2465, 2471, 2486, 2487, 2501, 2505, 2507, 2511, 2516, 2526, 2533, 2535, 2540, 2546, 2588, 2595, 2599, 2605, 2610, 2614, 2620, 2626, 2632, 2638, 2653, 2667, 2673, 2678, 2697, 2704, 2706, 2710, 2745, 2747, 2751, 2759, 2803, 2809, 2816, 2830, 2836, 2859, 2866, 2872, 2879, 2887, 2902, 2908, 2968, 2975, 3007, 3033, 3048, 3075, 3078, 3146, 3156, 3160, 3226, 3242, 3258, 3295, 3301, 3304, 3320, 3338, 3340, 3344, 3367, 3369, 3375, 3380, 3426, 3472, 3497, 3519, 3524, 3529, 3539, 3542, 3547, 3552, 3555
All 1, 3092
Allow 1, 1117
Ambition 1, 2630
An 1, 3461
And 13, 334, 339, 1100, 1101, 1110, 1125, 1126, 1485, 1602, 2920, 2961, 3094, 3440
Ann 4, 747, 759, 830, 
Antipathies 1, 82
Arithmetic 1, 2629
As 2, 788, 2516
At 2, 1382, 2069
Atheling 1, 525
Australia 1, 86
BE 1, 3492
BEE 1, 1092
BEFORE 1, 3501
BEG 1, 3312
BEST 2, 1754, 1762
BOOTS 1, 2838
BUSY 1, 1092
Be 1, 2439
Beautiful 4, 2983, 2991, 3001, 3016
Because 1, 1487
Before 1, 3460
Between 1, 3467
Bill 15, 732, 883, 886, 888, 890, 893, 894, 895, 901, 905, 910, 946, 3081, 3505
Birds 1, 2419
Brandy 1, 907
Bring 1, 3169
But 9, 562, 1106, 1912, 1964, 2471, 2921, 3206, 3442, 3496
By 1, 1116
C 1, 609
CAN 4, 357, 738, 810, 1222
COULD 4, 876, 1438, 2940, 3485
COURT 1, 3365
CURTSEYING 1, 87
Canary 1, 713
Canterbury 1, 512
Carroll 1, 4
Cat 26, 1561, 1563, 1574, 1578, 1582, 1588, 1594, 1599, 1604, 1609, 1615, 1621, 1627, 1633, 1641, 1644, 1649, 2232, 2235, 2243, 2256, 2266, 2268, 2274, 2315, 2345
Catch 1, 905
Caterpillar 27, 1018, 1020, 1021, 1024, 1031, 1037, 1043, 1050, 1055, 1058, 1062, 1065, 1068, 1074, 1079, 1090, 1095, 1140, 1146, 1148, 1155, 1160, 1167, 1174, 1178, 1187, 2893
Caucus 3, 471, 544, 546
Cheshire 6, 1430, 1437, 1561, 2232, 2268, 2315
Christmas 1, 261
Classics 1, 2659
Coils 1, 2651
Come 4, 348, 713, 2875, 3011
Conqueror 2, 411, 498
Consider 1, 2125
Crab 2, 691, 694
Croquet 1, 2030
Curiouser 1, 250
D 2, 609, 2046
DOES 1, 2838
DON 1, 1155
DOTH 1, 1092
DRINK 2, 153, 777
Dear 1, 306
Derision 1, 2630
Did 1, 506
Dinah 11, 104, 105, 423, 697, 700, 704, 717, 719, 764, 769, 920
Dinn 1, 2812
Distraction 1, 2630
Do 3, 100, 101, 1102
Dodo 13, 463, 534, 543, 547, 550, 552, 560, 564, 568, 574, 585, 590, 593
Don 1, 907
Dormouse 40, 1676, 1678, 1734, 1781, 1784, 1848, 1881, 1882, 1884, 1896, 1902, 1908, 1930, 1933, 1938, 1944, 1950, 1956, 1957, 1963, 1971, 1974, 1977, 1979, 1989, 2002, 2006, 3114, 3119, 3153, 3158, 3163, 3168, 3199, 3201, 3206, 3278, 3279, 3283
Down 1, 12
Drawling 3, 2649, 2651
Drink 1, 156
Drive 1, 2589
Duchess 41, 296, 736, 1345, 1349, 1411, 1420, 1430, 1440, 1445, 1451, 1453, 1462, 1472, 1479, 1495, 1508, 2172, 2340, 2358, 2365, 2375, 2383, 2388, 2396, 2402, 2411, 2418, 2424, 2429, 2438, 2450, 2455, 2462, 2468, 2471, 2477, 2484, 3257, 3570
Duck 3, 463, 515, 521
Dutchess 1, 2346
E 1, 2415
EARTHRUG 1, 269
EAT 1, 219
EDITION 1, 5
END 1, 3599
ESQ 1, 268
EVEN 1, 2563
EVER 1, 2931
EVERYBODY 1, 568
Each 1, 2721
Eaglet 3, 463, 538, 540
Edgar 1, 525
Elsie 1, 1896
England 1, 2792
English 6, 252, 379, 409, 499, 538, 1777
Evidence 1, 3302
Exactly 1, 3457
F 2, 1525, 2522
FATHER 2, 1095, 2893
FENDER 1, 270
FIT 2, 3501, 3510
FOOT 1, 268
FROM 1, 3496
FUL 1, 3001
FULCRUM 1, 5
Fainting 1, 2651
Father 2, 1099, 1104
First 2, 3103, 3555
Fish 2, 1343, 1356
Five 6, 2037, 2040, 2043, 2046, 2053, 2069
Footman 11, 1343, 1347, 1356, 1361, 1371, 1380, 1383, 1387, 1392, 1399, 1405
For 6, 633, 1120, 1332, 1345, 1501, 3465
Forty 1, 3364
Found 1, 515
France 1, 2792
French 4, 410, 414, 2610, 2618
Frog 1, 1346
From 1, 1348
Fury 2, 620, 654
GAVE 2, 3493, 
Game 1, 2994
Geography 1, 324
Get 1, 2191
Grammar 1, 404
Grief 1, 2662
Ground 1, 2031
Gryphon 55, 2521, 2522, 2526, 2531, 2533, 2537, 2548, 2555, 2570, 2587, 2589, 2599, 2634, 2640, 2656, 2658, 2664, 2676, 2686, 2699, 2712, 2717, 2721, 2727, 2731, 2735, 2740, 2754, 2757, 2823, 2825, 2834, 2838, 2844, 2850, 2856, 2875, 2884, 2897, 2901, 2905, 2925, 2936, 2946, 2967, 2971, 2975, 3003, 3007, 3011, 3058, 3061, 3571, 3582
HAD 1, 3501
HAPTER 12, 10, 245, 469, 729, 1015, 1327, 1669, 2028, 2352, 2691, 3020, 3299
HAT 2, 842, 1271
HATED 1, 436
HAVE 4, 1223, 1283, 2137, 2820
HE 4, 1831, 2650, 2659, 3598
HEARTS 1, 2087
HER 2, 2340, 3493
HERE 1, 816
HIGH 1, 3365
HIM 3, 1802, 3493, 3496
HIS 1, 2329
HORUS 2, 1489, 1504
HOW 1, 1092
Hare 31, 1590, 1637, 1638, 1658, 1675, 1687, 1692, 1698, 1718, 1722, 1731, 1752, 1754, 1759, 1795, 1819, 1832, 1874, 1888, 1914, 1937, 1957, 1958, 1960, 1985, 3113, 3117, 3189, 3191, 3195, 3567
Has 1, 1127
Hatter 55, 1589, 1665, 1675, 1703, 1710, 1727, 1738, 1743, 1750, 1757, 1768, 1774, 1776, 1781, 1788, 1793, 1801, 1806, 1812, 1825, 1830, 1842, 1852, 1858, 1864, 1869, 1892, 1920, 1925, 1937, 1953, 1958, 1967, 1990, 1999, 3105, 3113, 3125, 3127, 3132, 3136, 3168, 3171, 3176, 3183, 3188, 3193, 3199, 3203, 3208, 3213, 3235, 3245, 3248, 3252
Have 1, 2505
He 3, 1486, 1853, 3456
Hearts 6, 1833, 2085, 2098, 3025, 3091, 3093
Here 4, 886, 890, 1848, 3304
Him 1, 3462
His 1, 2922
Hjckrrh 1, 2570
Hm 1, 2976
Hold 1, 907
Hole 1, 13
How 6, 327, 332, 338, 527, 907, 2953
I 380, 11, 62, 63, 64, 68, 70, 75, 76, 80, 83, 84, 90, 94, 96, 98, 142, 143, 157, 181, 190, 206, 220, 221, 222, 223, 252, 255, 256, 258, 260, 273, 286, 297, 307, 308, 309, 310, 311, 316, 317, 318, 319, 320, 321, 326, 343, 344, 346, 347, 349, 350, 351, 352, 357, 371, 377, 386, 388, 398, 410, 415, 423, 424, 429, 435, 442, 446, 449, 458, 459, 484, 497, 508, 520, 535, 539, 543, 552, 626, 629, 634, 650, 655, 670, 697, 700, 705, 711, 717, 718, 720, 738, 739, 754, 755, 767, 768, 780, 782, 788, 789, 798, 808, 811, 812, 814, 818, 819, 820, 840, 852, 870, 871, 876, 877, 882, 888, 889, 896, 911, 912, 913, 923, 937, 940, 952, 993, 994, 995, 996, 1027, 1028, 1029, 1034, 1035, 1039, 1040, 1047, 1053, 1060, 1087, 1088, 1092, 1105, 1106, 1107, 1109, 1115, 1124, 1136, 1137, 1142, 1152, 1162, 1170, 1171, 1224, 1242, 1243, 1249, 1257, 1258, 1263, 1264, 1265, 1268, 1274, 1288, 1292, 1296, 1297, 1298, 1314, 1315, 1317, 1320, 1362, 1369, 1373, 1378, 1390, 1403, 1437, 1438, 1477, 1479, 1499, 1500, 1526, 1542, 1548, 1557, 1571, 1580, 1592, 1597, 1610, 1611, 1618, 1646, 1654, 1664, 1679, 1714, 1724, 1725, 1728, 1729, 1732, 1735, 1736, 1785, 1791, 1795, 1801, 1809, 1810, 1823, 1830, 1833, 1836, 1852, 1859, 1867, 1878, 1885, 1918, 1941, 1964, 1968, 1997, 2008, 2010, 2014, 2018, 2053, 2114, 2143, 2183, 2233, 2251, 2252, 2280, 2357, 2365, 2366, 2379, 2410, 2411, 2412, 2427, 2434, 2445, 2446, 2449, 2456, 2480, 2525, 2541, 2559, 2563, 2566, 2595, 2605, 2636, 2655, 2658, 2704, 2706, 2803, 2809, 2848, 2859, 2860, 2869, 2874, 2880, 2908, 2913, 2914, 2924, 2927, 2947, 2952, 2965, 2967, 3033, 3050, 3108, 3115, 3133, 3139, 3156, 3163, 3173, 3177, 3191, 3203, 3208, 3210, 3221, 3226, 3229, 3235, 3269, 3312, 3327, 3352, 3375, 3414, 3415, 3431, 3442, 3444, 3454, 3474, 3483, 3484, 3485, 3488, 3493, 3502, 3542
II 1, 246
III 1, 470
IN 2, 1, 1971
INSIDE 1, 1373
IS 8, 546, 615, 996, 1316, 1738, 2053, 2535, 2963
IT 3, 517, 1802, 3492
ITS 1, 32
IV 1, 730
IX 1, 2353
If 5, 299, 919, 1938, 3446, 3472
Improve 1, 333
Involved 1, 3455
It 8, 734, 1762, 1934, 2232, 2339, 2549, 3402, 3545
Jack 1, 913
Just 1, 2258
KING 1, 2087
KNOW 1, 3492
Keep 1, 2861
King 61, 2086, 2124, 2134, 2265, 2271, 2276, 2282, 2290, 2317, 2331, 2347, 2501, 2516, 3025, 3029, 3043, 3067, 3086, 3096, 3101, 3110, 3121, 3125, 3129, 3138, 3173, 3181, 3185, 3197, 3210, 3217, 3233, 3238, 3248, 3255, 3262, 3266, 3269, 3286, 3318, 3337, 3342, 3346, 3352, 3362, 3371, 3378, 3382, 3395, 3411, 3417, 3422, 3429, 3434, 3470, 3481, 3491, 3499, 3510, 3513, 3515
Kings 1, 2082
Knave 9, 2085, 2098, 2128, 2130, 3028, 3093, 3414, 3486, 3488
LEAVE 1, 3365
LESS 1, 1920
LICE 2, 1, 268
LITTLE 2, 1092, 1162
LL 2, 491, 3364
LOVE 1, 271
Lacie 1, 1897
Latin 1, 404
Latitude 2, 76, 
Laughing 1, 2662
Let 3, 457, 624, 3514
Lewis 1, 3
Like 1, 1845
Little 1, 731
Lizard 6, 946, 3081, 3324, 3333, 3505, 3571
Lobster 5, 2693, 2708, 2910, 2913, 2970
Long 1, 471
Longitude 2, 76, 77
Look 1, 2037
Lory 7, 463, 483, 486, 503, 508, 690, 701
M 5, 1981, 1983, 1992, 2365, 3369
MARMALADE 1, 56
ME 7, 153, 219, 777, 1053, 1296, 1479, 2869
MILE 1, 3365
MILLENNIUM 1, 5
MINE 2, 1774, 2115
MORE 2, 1921, 3364
MUST 3, 2573, 3210, 3418
MYSELF 1, 1034
Ma 2, 86, 693
Mabel 4, 318, 327, 344, 347
Mad 1, 1671
Magpie 1, 710
Majesty 12, 2103, 2140, 2155, 2477, 3107, 3176, 3214, 3267, 3348, 3386, 3414, 3432
March 34, 1590, 1637, 1638, 1640, 1658, 1675, 1687, 1692, 1698, 1718, 1722, 1731, 1752, 1754, 1759, 1795, 1819, 1831, 1832, 1874, 1888, 1914, 1937, 1957, 1958, 1960, 1985, 3113, 3114, 3117, 3189, 3191, 3195, 3567
Mary 2, 747, 759
May 1, 1639
Maybe 1, 2367
Mercia 2, 501, 511
Miss 3, 766, 2065, 2068
Mock 56, 2354, 2505, 2507, 2509, 2524, 2544, 2552, 2558, 2566, 2571, 2576, 2584, 2589, 2597, 2600, 2608, 2612, 2617, 2623, 2629, 2644, 2647, 2655, 2661, 2670, 2682, 2696, 2700, 2714, 2723, 2729, 2737, 2743, 2749, 2753, 2761, 2806, 2812, 2819, 2821, 2863, 2868, 2874, 2882, 2894, 2899, 2927, 2934, 2939, 2963, 2971, 2974, 2979, 3003, 3574, 3585
Morcar 2, 501, 511
Mouse 30, 400, 401, 405, 414, 419, 430, 434, 441, 450, 453, 455, 489, 492, 496, 505, 510, 517, 524, 583, 606, 612, 616, 617, 666, 672, 677, 683, 687, 724, 3565
Multiplication 1, 324
My 1, 2283
Mystery 2, 2647, 2648
NEAR 1, 270
NEVER 2, 67, 818
NO 1, 1550
NOT 7, 169, 672, 1240, 1268, 1466, 3485, 3489
Never 1, 2440
New 1, 86
Nile 1, 335
Nimportant 1, 3352
No 4, 884, 911, 1682, 2707
Nonsense 1, 2121
Normans 1, 527
Northumbria 2, 501, 511
Now 4, 105, 798, 888, 1547
Number 1, 3380
O 3, 400, 401, 405
OF 3, 32, 2087, 2904
OLD 2, 1095, 2892
ONE 4, 214, 1279, 1942, 3493
ORANGE 1, 56
OU 2, 889, 2046
OURS 1, 2617
OUT 1, 32
OUTSIDE 1, 3401
Of 1, 1785
Off 5, 2118, 2219, 2496, 2497
Oh 7, 29, 114, 296, 885, 887, 1479, 2396
On 1, 335
One 3, 556, 1181, 3380
Ou 1, 413
Owl 3, 2953, 2957, 2958
PERSONS 1, 3364
PLEASE 1, 1457
PLENTY 1, 1683
POCKET 1, 33
PRECIOUS 1, 1459
PROVES 1, 3424
Panther 3, 2953, 2956, 2960
Paris 2, 325, 
Party 1, 1672
Pat 2, 850, 857
Pepper 1, 1330
Pig 1, 1329
Pigeon 11, 1238, 1242, 1250, 1254, 1257, 1264, 1271, 1277, 1287, 1291, 1300
Pool 1, 247
Pray 2, 1112, 1122
Prizes 1, 576
Puss 1, 1567
QUEEN 1, 2087
QUITE 2, 1142, 3328
Quadrille 4, 2694, 2708, 2910, 2970
Queen 74, 1346, 1348, 1510, 1616, 1833, 1853, 2030, 2046, 2067, 2070, 2073, 2097, 2100, 2107, 2117, 2122, 2127, 2132, 2134, 2136, 2143, 2153, 2158, 2165, 2186, 2188, 2189, 2191, 2218, 2223, 2253, 2256, 2259, 2263, 2283, 2286, 2294, 2317, 2334, 2342, 2474, 2480, 2486, 2490, 2492, 2495, 2501, 2504, 2509, 2513, 2519, 2523, 2529, 2532, 3025, 3091, 3135, 3143, 3167, 3246, 3251, 3278, 3288, 3373, 3390, 3424, 3502, 3504, 3517, 3522, 3526, 3568, 3581
Queens 1, 2082
RE 1, 1392
RED 1, 2066
RETURNED 1, 3496
RIGHT 1, 268
Rabbit 45, 12, 25, 28, 32, 111, 116, 293, 299, 300, 356, 731, 734, 746, 832, 834, 837, 843, 850, 854, 905, 918, 925, 2083, 2169, 2174, 2181, 2186, 2187, 2888, 3029, 3066, 3088, 3098, 3102, 3266, 3291, 3294, 3348, 3387, 3392, 3400, 3408, 3431, 3437, 3564
Race 1, 471
Really 1, 3288
Rome 2, 325, 326
Rule 1, 3364
S 7, 1, 268, 271, 311, 319, 326, 2518
SAID 1, 1711
SHE 5, 319, 574, 2537, 3477, 3501
SHOES 1, 2838
SIT 1, 3238
SLUGGARD 1, 2904
SOME 1, 938
SOMEBODY 1, 548
SOMETHING 1, 779
SOMEWHERE 1, 1580
SOUP 1, 3001
SWIM 1, 3485
Said 3, 653, 1135, 2783
Seaography 1, 2649
Sends 1, 731
Serpent 1, 1266
Seven 4, 2040, 2043, 2051, 2064
Sh 1, 1937
Shakespeare 1, 566
Shark 1, 2920
She 3, 2177, 2375, 3441
Silence 2, 3066, 3363
Sir 1, 641
Sit 1, 490
So 1, 1085
Soo 5, 2988, 2989, 2998, 2999, 3015
Soup 10, 2509, 2977, 2983, 2986, 2987, 2991, 2993, 2996, 2997, 3016
Speak 2, 538, 1484
Stigand 1, 512
Stole 1, 3022
Story 1, 2355
Stretching 1, 2651
Such 1, 640
Suppose 1, 1664
Sure 2, 851, 870
Swim 1, 2735
T 3, 1155, 2838, 3185
THAN 1, 3364
THAT 12, 157, 311, 326, 820, 1292, 1588, 1589, 2404, 2518, 2653, 2717, 3500
THE 8, 5, 270, 1092, 2087, 2838, 2904, 3365
THEIR 1, 3592
THEN 1, 2023
THERE 1, 2008
THESE 1, 2107
THEY 2, 3493, 3496
THINK 3, 896, 1477, 2427
THIS 4, 855, 1320, 3267, 3501
THROUGH 1, 81
TIS 1, 2904
TO 3, 3365, 3492, 3496
TOOK 1, 32
TRUE 1, 3492
TWO 2, 873, 3493
Table 1, 324
Take 1, 2404
Tale 1, 472
Talking 1, 1472
Tarts 1, 3022
Tea 1, 1671
Tears 1, 248
Thank 1, 2572
That 6, 621, 788, 910, 1130, 2043, 2895
The 20, 247, 300, 561, 731, 736, 1020, 1502, 1748, 2030, 2070, 2354, 2431, 2693, 2696, 2731, 2956, 3004, 3091, 3093, 3181
Then 3, 840, 1999, 2793
There 4, 441, 904, 1674, 3227
They 3, 474, 3439, 3451
This 1, 901
Though 1, 3452
Tillie 1, 1897
Time 3, 1801, 1807, 1816
Tis 1, 2913
Too 1, 2781
Tortoise 3, 2579, 2581, 2583
Trims 1, 2916
Turn 1, 2128
Turtle 59, 2354, 2505, 2507, 2509, 2524, 2544, 2552, 2558, 2566, 2567, 2571, 2576, 2578, 2584, 2589, 2597, 2600, 2608, 2612, 2617, 2623, 2629, 2644, 2647, 2655, 2661, 2670, 2682, 2696, 2700, 2714, 2723, 2729, 2737, 2743, 2749, 2753, 2762, 2806, 2812, 2819, 2822, 2864, 2868, 2874, 2882, 2894, 2899, 2927, 2934, 2939, 2964, 2971, 2974, 2977, 2979, 3003, 3574, 3585
Twenty 1, 1476
Twinkle 2, 1835, 1849
Two 4, 2051, 2064, 2140, 2714
UNimportant 1, 3348
Ugh 1, 503
Uglification 2, 2630, 2632
Up 1, 1844
V 1, 1016
VE 1, 2605
VERY 13, 27, 28, 72, 164, 353, 1059, 1066, 1377, 1535, 1564, 1908, 2388, 2890
VI 1, 1328
VII 1, 1670
VIII 1, 2029
VOICE 1, 2904
W 1, 757
WAISTCOAT 1, 32
WAS 4, 83, 365, 1028, 3545
WASHING 1, 2618
WATCH 1, 32
WE 1, 3492
WHAT 5, 515, 928, 1090, 1184, 
WHATEVER 1, 3342
WILL 3, 388, 799, 923
WILLIAM 2, 1095, 2893
WITH 1, 271
WONDERLAND 1, 2
WOULD 5, 161, 352, 2205, 2825, 3559
Waiting 1, 2984
Was 1, 2959
We 3, 593, 631, 3445
Well 3, 911, 1271, 2056
What 11, 1132, 1899, 1948, 2101, 2137, 2181, 2184, 2644, 2963, 3272, 3447
When 2, 2779, 2919
Where 1, 882
Which 1, 226
While 2, 2957, 2960
White 22, 25, 111, 293, 734, 2083, 2169, 2888, 3029, 3066, 3088, 3101, 3266, 3291, 3294, 3348, 3387, 3392, 3400, 3408, 3431, 3437, 3564
Who 5, 310, 349, 888, 2097, 3022
Why 8, 747, 1107, 1711, 1983, 2065, 2104, 2581, 3539
Will 2, 886, 2765
William 4, 410, 526, 1099, 1104
With 3, 340, 643, 2870
Wonderland 2, 3577, 3594
Wow 1, 1493
Writhing 1, 2628
X 1, 2692
XI 1, 3021
XII 1, 3300
YET 1, 3293
YOU 13, 420, 628, 823, 1024, 1055, 1060, 1095, 1828, 2757, 2861, 2892, 3288, 3496
YOUR 7, 693, 1700, 1768, 1923, 2051, 2844, 2876
YOURS 1, 1298
Yes 2, 686, 2592
Yet 3, 1111, 1121, 1131
You 8, 932, 1099, 1292, 2357, 2517, 2704, 2914, 3450
Your 1, 3267
Zealand 1, 86
